# Optimal Matrix after 100 iterations on scoring/PAM100 scoring matrix
# Time (min) 19 
# Original matrix score 2 
# New matrix score 3 
A R N D C Q E G H I L K M F P S T W Y V B Z X *
4.2354397487642075 -2.7676669818640804 1.8697155034911583 -3.376396737482021 -1.9400189654813889 1.7578681519421124 0.8717239491173174 -2.463707150315024 0.8821625062089515 1.3120828195272913 -3.495517767814978 -5.294891647034583 -7.142240147281882 -4.508281047544836 0.6629460252827819 2.9027426657550146 0.3081474378761069 -9.669005581797027 -2.934721511290179 3.7761406691032833 -3.827256340057171 -1.3727974400892087 -5.333407420887555 -12.625713747576814
-2.7676669818640804 3.9343346104618453 -2.6733486530802715 -2.24073178483106 -8.504066964734008 -1.2736424795865027 -6.473402413346882 -8.593410517197205 4.45338184726241 -4.219481818139562 -2.46577474668385 -0.08628150453533356 -0.20989239938902182 -11.724412977061732 2.3664740376350135 -8.077652447483747 -2.8842519841238516 1.669261909262512 -0.8546987013741683 -0.554611007169707 -4.81611521408899 -1.9408340469250234 -3.822228707848192 -12.162284190056129
1.8697155034911583 -2.6733486530802715 7.554914101162555 2.051829327763188 -10.656598460937921 1.4582239639391645 -8.307812849884975 -5.662254797539617 4.333135457988865 -2.999981543611857 -4.857819735125693 5.4934335112074475 -4.603844197439408 -3.372750808310892 -1.6192550480836223 -2.8892660838776862 -0.007375901841823129 -1.2719198398845375 -4.6419245425461515 -7.2612689483072685 5.13690557810717 1.9361849584206754 1.1727054248800357 -7.667105301615515
-3.376396737482021 -2.24073178483106 2.051829327763188 3.7614210120274123 -2.430356399885511 3.907533681950814 2.6074589988296855 2.015773796078208 3.6925725040670665 -9.479008315930454 -8.635762895650608 -1.2912264566342844 -7.6904708001852775 -2.4281723041566114 -3.2127710113324457 1.0520622280658911 -4.76537322820911 -12.577435166514384 -6.995545026304926 -5.144768021422569 8.526924568053394 3.017114110980207 -0.787314588560466 -11.669882452967654
-1.9400189654813889 -8.504066964734008 -10.656598460937921 -2.430356399885511 11.997791979669334 -8.140128887657196 -7.002325923201823 -3.9345560571690834 -4.468569348437896 -8.82882340542799 -13.082811536742474 -7.499977908334605 -6.839876258440275 -3.620882307728638 -2.5182778725494526 3.9155061748943787 -5.77523245289647 -12.51787578389998 2.4807197198033393 -4.395726050237422 -1.9013208941725104 -4.576616527529202 -8.660231831052137 -6.700210475833218
1.7578681519421124 -1.2736424795865027 1.4582239639391645 3.907533681950814 -8.140128887657196 8.265439357199122 5.3067429602016825 -2.0094463792980326 2.1095681902982983 -11.737079864696733 -0.9052860302751431 1.498137868468606 3.5951892162761987 -11.179194565340735 -4.716656811295211 -3.6271198058177543 -7.844078037193109 -4.702340304651225 -3.441380183893428 0.3407432604512819 0.757965497247632 3.3145227185909745 -4.709006379727645 -14.077885801554062
0.8717239491173174 -6.473402413346882 -8.307812849884975 2.6074589988296855 -7.002325923201823 5.3067429602016825 11.314029021189329 -1.3503435309063243 0.6086810180940772 -0.9765498522152218 -3.612134919044457 5.21838402692124 -0.19005145073103513 -5.077548818696125 -0.40086153723934914 -1.2878038763453354 1.0664028046103433 -8.11168229779533 -5.036803057947081 -0.9065491322975039 4.775691273450589 5.326115109327071 -4.014395615044844 -10.053051802139606
-2.463707150315024 -8.593410517197205 -5.662254797539617 2.015773796078208 -3.9345560571690834 -2.0094463792980326 -1.3503435309063243 7.593836414901439 -5.169050042473508 -3.591512979585838 -0.9959109330893523 -4.745008136366802 -2.2855348042317747 -3.915358640459091 -2.3229515945725296 3.092069247200425 -0.04976516756866323 -11.247597929799433 -5.033974245798511 -3.932458690419771 0.8786499106080685 3.7180061051633007 -3.1357125173403917 -12.183705236759645
0.8821625062089515 4.45338184726241 4.333135457988865 3.6925725040670665 -4.468569348437896 2.1095681902982983 0.6086810180940772 -5.169050042473508 11.179231168905279 -5.874945915926428 -5.4366343311584915 -3.1461979150737593 -1.7730201933020893 -1.2799720587227816 -1.0497479558241463 -0.7901391556941 1.6095509223861837 -5.524974937002468 1.8024410260904116 3.0989615665785806 4.032546526587614 -4.276980390338219 1.12265126964186 -6.125022067900154
1.3120828195272913 -4.219481818139562 -2.999981543611857 -9.479008315930454 -8.82882340542799 -11.737079864696733 -0.9765498522152218 -3.591512979585838 -5.874945915926428 8.842615487790788 4.0972468340180805 2.1975718595197087 6.220842985538046 -2.643111582541768 -1.7394329337821592 -3.4905450780211162 2.4435782506066817 -5.875489899507302 -0.613876416643679 3.0980740551887975 -4.05320828491894 -4.501299093387818 -5.562758161488164 -12.4819338055382
-3.495517767814978 -2.46577474668385 -4.857819735125693 -8.635762895650608 -13.082811536742474 -0.9052860302751431 -3.612134919044457 -0.9959109330893523 -5.4366343311584915 4.0972468340180805 6.785117902119552 5.918232558821869 2.782885293283038 -3.4658813727721545 -3.5521234180811185 -8.238737663929893 -9.960937395407301 -4.009524180147965 -3.46272126782504 2.0503710332697755 -10.201201138159373 -8.297486599563513 -0.6351468333050616 -13.214974229511009
-5.294891647034583 -0.08628150453533356 5.4934335112074475 -1.2912264566342844 -7.499977908334605 1.498137868468606 5.21838402692124 -4.745008136366802 -3.1461979150737593 2.1975718595197087 5.918232558821869 0.9482010491160164 3.05512166906378 -4.762774097477781 -1.6267628283762965 -0.5917981502790206 -4.2597561515111035 -6.599907270259305 -4.435285464939956 -2.307668909766723 0.5699735207870178 3.4091053929072603 -4.3205183761785575 -4.973927345350003
-7.142240147281882 -0.20989239938902182 -4.603844197439408 -7.6904708001852775 -6.839876258440275 3.5951892162761987 -0.19005145073103513 -2.2855348042317747 -1.7730201933020893 6.220842985538046 2.782885293283038 3.05512166906378 10.457519910692977 -0.46736128826554 -6.614710847495536 -6.641259892423142 -3.0968331372469873 -3.7953144691117267 -6.277540107166522 5.166339831724437 -7.315504537574528 -4.802410088865669 -0.4593677958932392 -11.670155829418835
-4.508281047544836 -11.724412977061732 -3.372750808310892 -2.4281723041566114 -3.620882307728638 -11.179194565340735 -5.077548818696125 -3.915358640459091 -1.2799720587227816 -2.643111582541768 -3.4658813727721545 -4.762774097477781 -0.46736128826554 7.307662214936712 -2.957253660904869 -5.373846266189888 -13.425283753322779 -1.5766835127268906 4.56723594415182 -6.589170124737531 -6.782548708458883 -1.9790808786783454 -2.7478360038299017 -11.364430244528078
0.6629460252827819 2.3664740376350135 -1.6192550480836223 -3.2127710113324457 -2.5182778725494526 -4.716656811295211 -0.40086153723934914 -2.3229515945725296 -1.0497479558241463 -1.7394329337821592 -3.5521234180811185 -1.6267628283762965 -6.614710847495536 -2.957253660904869 7.415228947099618 4.386784315953763 -4.775468249807803 -9.22515990488398 -7.179425292568819 -0.1590777626358557 -0.4893668415958894 -0.08896309977008432 8.582617244871567 -8.318336592753322
2.9027426657550146 -8.077652447483747 -2.8892660838776862 1.0520622280658911 3.9155061748943787 -3.6271198058177543 -1.2878038763453354 3.092069247200425 -0.7901391556941 -3.4905450780211162 -8.238737663929893 -0.5917981502790206 -6.641259892423142 -5.373846266189888 4.386784315953763 4.756405930112062 1.1820664428099847 0.8241330701321263 -2.230462309636292 -4.252224154399064 1.7358800305345337 2.592165103561962 -1.2163363365942828 -0.6313906587179168
0.3081474378761069 -2.8842519841238516 -0.007375901841823129 -4.76537322820911 -5.77523245289647 -7.844078037193109 1.0664028046103433 -0.04976516756866323 1.6095509223861837 2.4435782506066817 -9.960937395407301 -4.2597561515111035 -3.0968331372469873 -13.425283753322779 -4.775468249807803 1.1820664428099847 2.5499980726494744 -6.972001885219917 -6.894354713932356 0.8364008119917365 4.0681593274077255 -4.277390472347779 -2.427283283541482 -8.706128193939627
-9.669005581797027 1.669261909262512 -1.2719198398845375 -12.577435166514384 -12.51787578389998 -4.702340304651225 -8.11168229779533 -11.247597929799433 -5.524974937002468 -5.875489899507302 -4.009524180147965 -6.599907270259305 -3.7953144691117267 -1.5766835127268906 -9.22515990488398 0.8241330701321263 -6.972001885219917 9.30495154058911 -5.440027383606926 -4.398998995719121 -6.8426432270856115 -2.631689376811443 -5.983486725447428 -5.735101079407372
-2.934721511290179 -0.8546987013741683 -4.6419245425461515 -6.995545026304926 2.4807197198033393 -3.441380183893428 -5.036803057947081 -5.033974245798511 1.8024410260904116 -0.613876416643679 -3.46272126782504 -4.435285464939956 -6.277540107166522 4.56723594415182 -7.179425292568819 -2.230462309636292 -6.894354713932356 -5.440027383606926 0.9229729371888136 -5.389139533085572 -5.289674850364017 -8.150324920121133 -2.4609873127342974 -10.8185558509984
3.7761406691032833 -0.554611007169707 -7.2612689483072685 -5.144768021422569 -4.395726050237422 0.3407432604512819 -0.9065491322975039 -3.932458690419771 3.0989615665785806 3.0980740551887975 2.0503710332697755 -2.307668909766723 5.166339831724437 -6.589170124737531 -0.1590777626358557 -4.252224154399064 0.8364008119917365 -4.398998995719121 -5.389139533085572 4.930913814327621 -1.1374531782658728 -3.174685235516349 -3.9207935966035348 -8.375492315240443
-3.827256340057171 -4.81611521408899 5.13690557810717 8.526924568053394 -1.9013208941725104 0.757965497247632 4.775691273450589 0.8786499106080685 4.032546526587614 -4.05320828491894 -10.201201138159373 0.5699735207870178 -7.315504537574528 -6.782548708458883 -0.4893668415958894 1.7358800305345337 4.0681593274077255 -6.8426432270856115 -5.289674850364017 -1.1374531782658728 5.386293669192207 4.016396775969394 -2.6981090081421137 -7.679764364992146
-1.3727974400892087 -1.9408340469250234 1.9361849584206754 3.017114110980207 -4.576616527529202 3.3145227185909745 5.326115109327071 3.7180061051633007 -4.276980390338219 -4.501299093387818 -8.297486599563513 3.4091053929072603 -4.802410088865669 -1.9790808786783454 -0.08896309977008432 2.592165103561962 -4.277390472347779 -2.631689376811443 -8.150324920121133 -3.174685235516349 4.016396775969394 2.8536708469653167 -2.2102326260175786 -11.565010842560344
-5.333407420887555 -3.822228707848192 1.1727054248800357 -0.787314588560466 -8.660231831052137 -4.709006379727645 -4.014395615044844 -3.1357125173403917 1.12265126964186 -5.562758161488164 -0.6351468333050616 -4.3205183761785575 -0.4593677958932392 -2.7478360038299017 8.582617244871567 -1.2163363365942828 -2.427283283541482 -5.983486725447428 -2.4609873127342974 -3.9207935966035348 -2.6981090081421137 -2.2102326260175786 -0.5980061871868332 -12.057412586239415
-12.625713747576814 -12.162284190056129 -7.667105301615515 -11.669882452967654 -6.700210475833218 -14.077885801554062 -10.053051802139606 -12.183705236759645 -6.125022067900154 -12.4819338055382 -13.214974229511009 -4.973927345350003 -11.670155829418835 -11.364430244528078 -8.318336592753322 -0.6313906587179168 -8.706128193939627 -5.735101079407372 -10.8185558509984 -8.375492315240443 -7.679764364992146 -11.565010842560344 -12.057412586239415 7.006650246612469
