# Optimal Matrix after 100 iterations on scoring/PAM100 scoring matrix
# Time (min) 19 
# Original matrix score 2 
# New matrix score 3 
A R N D C Q E G H I L K M F P S T W Y V B Z X *
4.24 -2.77 1.87 -3.38 -1.94 1.76 0.87 -2.46 0.88 1.31 -3.5 -5.29 -7.14 -4.51 0.66 2.9 0.31 -9.67 -2.93 3.78 -3.83 -1.37 -5.33 -12.63
-2.77 3.93 -2.67 -2.24 -8.5 -1.27 -6.47 -8.59 4.45 -4.22 -2.47 -0.09 -0.21 -11.72 2.37 -8.08 -2.88 1.67 -0.85 -0.55 -4.82 -1.94 -3.82 -12.16
1.87 -2.67 7.55 2.05 -10.66 1.46 -8.31 -5.66 4.33 -3.0 -4.86 5.49 -4.6 -3.37 -1.62 -2.89 -0.01 -1.27 -4.64 -7.26 5.14 1.94 1.17 -7.67
-3.38 -2.24 2.05 3.76 -2.43 3.91 2.61 2.02 3.69 -9.48 -8.64 -1.29 -7.69 -2.43 -3.21 1.05 -4.77 -12.58 -7.0 -5.14 8.53 3.02 -0.79 -11.67
-1.94 -8.5 -10.66 -2.43 12.0 -8.14 -7.0 -3.93 -4.47 -8.83 -13.08 -7.5 -6.84 -3.62 -2.52 3.92 -5.78 -12.52 2.48 -4.4 -1.9 -4.58 -8.66 -6.7
1.76 -1.27 1.46 3.91 -8.14 8.27 5.31 -2.01 2.11 -11.74 -0.91 1.5 3.6 -11.18 -4.72 -3.63 -7.84 -4.7 -3.44 0.34 0.76 3.31 -4.71 -14.08
0.87 -6.47 -8.31 2.61 -7.0 5.31 11.31 -1.35 0.61 -0.98 -3.61 5.22 -0.19 -5.08 -0.4 -1.29 1.07 -8.11 -5.04 -0.91 4.78 5.33 -4.01 -10.05
-2.46 -8.59 -5.66 2.02 -3.93 -2.01 -1.35 7.59 -5.17 -3.59 -1.0 -4.75 -2.29 -3.92 -2.32 3.09 -0.05 -11.25 -5.03 -3.93 0.88 3.72 -3.14 -12.18
0.88 4.45 4.33 3.69 -4.47 2.11 0.61 -5.17 11.18 -5.87 -5.44 -3.15 -1.77 -1.28 -1.05 -0.79 1.61 -5.52 1.8 3.1 4.03 -4.28 1.12 -6.13
1.31 -4.22 -3.0 -9.48 -8.83 -11.74 -0.98 -3.59 -5.87 8.84 4.1 2.2 6.22 -2.64 -1.74 -3.49 2.44 -5.88 -0.61 3.1 -4.05 -4.5 -5.56 -12.48
-3.5 -2.47 -4.86 -8.64 -13.08 -0.91 -3.61 -1.0 -5.44 4.1 6.79 5.92 2.78 -3.47 -3.55 -8.24 -9.96 -4.01 -3.46 2.05 -10.2 -8.3 -0.64 -13.21
-5.29 -0.09 5.49 -1.29 -7.5 1.5 5.22 -4.75 -3.15 2.2 5.92 0.95 3.06 -4.76 -1.63 -0.59 -4.26 -6.6 -4.44 -2.31 0.57 3.41 -4.32 -4.97
-7.14 -0.21 -4.6 -7.69 -6.84 3.6 -0.19 -2.29 -1.77 6.22 2.78 3.06 10.46 -0.47 -6.61 -6.64 -3.1 -3.8 -6.28 5.17 -7.32 -4.8 -0.46 -11.67
-4.51 -11.72 -3.37 -2.43 -3.62 -11.18 -5.08 -3.92 -1.28 -2.64 -3.47 -4.76 -0.47 7.31 -2.96 -5.37 -13.43 -1.58 4.57 -6.59 -6.78 -1.98 -2.75 -11.36
0.66 2.37 -1.62 -3.21 -2.52 -4.72 -0.4 -2.32 -1.05 -1.74 -3.55 -1.63 -6.61 -2.96 7.42 4.39 -4.78 -9.23 -7.18 -0.16 -0.49 -0.09 8.58 -8.32
2.9 -8.08 -2.89 1.05 3.92 -3.63 -1.29 3.09 -0.79 -3.49 -8.24 -0.59 -6.64 -5.37 4.39 4.76 1.18 0.82 -2.23 -4.25 1.74 2.59 -1.22 -0.63
0.31 -2.88 -0.01 -4.77 -5.78 -7.84 1.07 -0.05 1.61 2.44 -9.96 -4.26 -3.1 -13.43 -4.78 1.18 2.55 -6.97 -6.89 0.84 4.07 -4.28 -2.43 -8.71
-9.67 1.67 -1.27 -12.58 -12.52 -4.7 -8.11 -11.25 -5.52 -5.88 -4.01 -6.6 -3.8 -1.58 -9.23 0.82 -6.97 9.3 -5.44 -4.4 -6.84 -2.63 -5.98 -5.74
-2.93 -0.85 -4.64 -7.0 2.48 -3.44 -5.04 -5.03 1.8 -0.61 -3.46 -4.44 -6.28 4.57 -7.18 -2.23 -6.89 -5.44 0.92 -5.39 -5.29 -8.15 -2.46 -10.82
3.78 -0.55 -7.26 -5.14 -4.4 0.34 -0.91 -3.93 3.1 3.1 2.05 -2.31 5.17 -6.59 -0.16 -4.25 0.84 -4.4 -5.39 4.93 -1.14 -3.17 -3.92 -8.38
-3.83 -4.82 5.14 8.53 -1.9 0.76 4.78 0.88 4.03 -4.05 -10.2 0.57 -7.32 -6.78 -0.49 1.74 4.07 -6.84 -5.29 -1.14 5.39 4.02 -2.7 -7.68
-1.37 -1.94 1.94 3.02 -4.58 3.31 5.33 3.72 -4.28 -4.5 -8.3 3.41 -4.8 -1.98 -0.09 2.59 -4.28 -2.63 -8.15 -3.17 4.02 2.85 -2.21 -11.57
-5.33 -3.82 1.17 -0.79 -8.66 -4.71 -4.01 -3.14 1.12 -5.56 -0.64 -4.32 -0.46 -2.75 8.58 -1.22 -2.43 -5.98 -2.46 -3.92 -2.7 -2.21 -0.6 -12.06
-12.63 -12.16 -7.67 -11.67 -6.7 -14.08 -10.05 -12.18 -6.13 -12.48 -13.21 -4.97 -11.67 -11.36 -8.32 -0.63 -8.71 -5.74 -10.82 -8.38 -7.68 -11.57 -12.06 7.01
